hi
good afternoon
good afternoon
700
462
65
826
275
119
435
647
239
636
354
725
79
287
72
191
69
298
9
708
501
697
520
206
903
365
56
944
48
794
552
90
608
288
778
576
709
149
400
774
544
729
867
120
437
140
527
836
775
107
698
357
359
414
458
4
942
858
922
910
63
490
599
444
84
264
117
790
508
495
481
920
897
234
165
772
829
401
769
763
837
219
170
940
96
196
731
195
830
775
634
850
226
490
711
54
130
423
36
173
23
736
329
281
625
778
459
125
249
686
175
541
90
160
73
844
321
658
349
888
533
922
960
733
860
631
694
407
523
112
643
406
365
596
740
101
890
888
316
318
736
606
945
144
601
93
761
67
417
866
732
471
75
148
639
100
776
595
420
994
84
53
602
138
43
768
176
493
419
972
954
432
343
31
153
927
977
816
133
768
869
628
989
657
379
172
331
218
957
640
325
295
469
321
234
683
5
808
101
832
916
268
648
445
911
301
128
44
995
712
123
959
463
652
125
456
63
945
758
870
437
958
536
778
647
660
963
23
796
469
923
169
715
300
851
602
980
544
745
79
45
287
223
245
518
365
832
817
197
778
621
60
50
230
395
958
732
869
798
252
337
106
248
527
789
953
244
163
801
523
476
518
200
680
826
150
735
291
261
282
828
147
826
19
847
863
120
486
904
892
869
111
746
493
741
938
40
696
456
564
122
669
17
673
303
103
859
370
404
245
223
441
608
516
424
191
280
229
679
925
834
758
258
908
653
365
771
706
938
887
111
40
834
697
161
159
131
153
716
744
5
750
82
659
670
429
503
231
70
550
659
811
17
531
730
363
411
108
20
938
331
153
431
516
135
183
606
911
355
265
61
127
513
934
920
85
676
598
238
225
861
541
636
389
229
299
23
304
966
797
748
23
133
777
413
851
319
566
525
487
822
591
875
805
489
532
298
83
611
645
686
813
870
794
77
790
516
42
288
835
160
303
944
557
517
39
993
735
521
69
765
111
74
750
403
271
665
830
899
696
1
940
693
322
111
934
152
339
701
623
335
277
278
689
328
519
646
318
289
451
538
563
561
542
880
576
739
120
392
806
125
685
143
592
834
220
610
623
447
582
886
655
35
898
733
488
833
385
423
884
624
348
542
449
158
438
380
151
441
535
196
33
946
894
498
650
135
686
854
109
908
24
871
707
564
883
528
662
808
393
743
355
697
507
183
777
144
693
434
397
839
459
183
911
386
854
709
140
400
84
353
147
530
315
975
600
476
834
885
275
910
717
343
49
792
840
335
439
712
721
506
442
252
458
269
449
841
959
321
709
174
388
263
724
40
596
824
382
531
582
301
309
808
160
486
123
117
134
120
546
519
270
428
679
578
911
894
73
47
527
759
517
514
176
101
522
455
618
10
196
17
952
908
131
421
197
634
93
971
147
333
707
840
775
190
904
960
583
147
129
701
752
336
5
822
784
795
632
59
963
667
498
125
923
530
566
361
298
259
381
278
802
101
899
194
52
676
738
985
196
562
871
472
880
495
264
617
903
308
636
402
2
35
8
479
834
583
917
246
624
543
663
325
765
851
899
651
437
811
770
108
57
647
862
402
795
27
244
428
266
949
458
989
622
979
276
768
93
421
360
469
758
493
362
652
899
547
706
30
596
612
181
93
538
528
345
355
172
606
683
808
339
489
980
674
86
673
703
786
575
132
558
16
452
301
350
564
285
211
502
249
320
215
832
653
769
366
452
94
634
921
596
487
737
551
131
270
513
688
567
226
844
919
454
464
54
165
641
237
179
781
70
960
104
435
488
124
657
327
904
719
222
609
153
653
535
72
279
900
171
81
52
597
644
276
404
400
760
368
600
605
725
215
914
852
852
636
383
302
64
7
612
187
783
847
5
235
767
800
929
982
885
740
66
99
730
472
317
828
32
88
363
289
726
300
994
7
695
301
801
899
689
977
837
165
468
865
813
796
272
169
633
960
439
618
720
984
150
815
122
380
319
555
271
975
643
324
460
484
852
997
540
466
999
31
294
907
903
901
631
865
658
521
556
862
454
403
850
109
579
11
857
879
179
422
581
134
707
861
521
144
406
330
944
274
629
167
961
408
325
812
81
249
184
257
721
798
998
409
521
241
473
351
904
842
141
661
288
577
450
160
201
42
380
487
460
329
576
282
233
288
442
442
784
767
929
608
695
921
700
782
135
298
341
281
671
55
426
102
134
968
879
384
958
165
611
39
869
697
797
393
222
717
176
234
798
31
566
138
912
532
965
366
877
667
25
902
701
99
816
41
90
47
15
27
41
6
48
62
16
89
74
99
13
31
56
42
13
11
48
64
49
29
19
60
1
51
51
29
14
71
34
77
88
39
49
74
57
91
82
74
55
94
98
3
79
96
24
57
11
61
78
59
62
18
91
61
29
55
26
89
55
20
48
45
55
96
12
73
81
81
85
21
28
74
10
54
31
17
80
4
27
93
19
53
92
74
16
70
48
87
46
3
65
93
19
36
47
53
47
82
85
51
75
29
75
57
32
87
9
38
31
12
74
23
62
61
1
94
52
81
81
41
26
94
35
83
56
35
55
74
8
77
70
98
19
76
19
89
78
36
43
28
62
11
57
35
28
42
31
57
35
52
2
66
1
44
25
81
94
92
1
96
33
35
30
53
42
75
4
86
43
12
17
16
38
54
79
16
38
1
55
14
5
97
39
55
76
5
97
75
51
38
95
85
35
47
95
28
80
4
92
53
39
45
15
24
36
85
28
47
64
10
44
93
38
87
91
35
95
74
77
38
78
29
35
6
16
32
81
91
58
52
35
34
8
3
75
60
83
16
20
90
76
50
11
42
93
3
47
48
55
61
32
6
26
55
74
10
10
9
8
5
5
36
89
13
74
10
85
36
12
32
52
80
55
87
61
28
18
93
12
14
84
33
37
97
20
30
9
53
28
66
50
74
8
16
86
41
61
98
67
84
17
12
37
23
9
51
50
38
94
47
91
17
97
93
20
71
99
91
92
45
1
33
8
46
81
77
73
40
2
20
67
20
26
27
96
73
96
14
88
68
79
70
58
81
74
34
76
14
95
15
41
69
6
23
83
84
4
90
42
32
78
11
37
74
80
72
90
70
97
47
75
86
4
24
65
31
74
27
72
48
2
59
44
86
79
97
15
4
44
13
69
7
71
57
90
69
34
83
2
3
44
7
17
49
40
55
66
81
57
53
10
76
19
93
30
20
66
50
95
82
58
86
27
84
77
68
15
47
34
96
96
91
26
70
5
94
42
95
47
25
32
33
47
90
3
92
87
78
27
71
3
83
88
19
45
57
79
33
71
71
40
20
48
60
56
19
51
49
89
36
77
70
4
71
51
25
40
36
81
84
81
37
20
63
93
14
4
8
26
47
16
10
25
75
84
12
84
86
34
84
42
39
88
91
93
32
80
17
67
20
18
43
51
86
90
4
99
85
66
43
15
43
23
42
20
67
46
28
86
40
40
53
3
97
42
42
48
29
69
62
33
86
41
6
30
72
59
38
85
81
13
99
20
91
69
99
16
47
71
27
86
53
31
28
79
64
41
54
45
49
55
71
16
5
11
29
3
17
12
48
9
9
42
5
27
41
34
11
28
43
26
2
57
43
75
80
56
14
27
66
31
6
93
36
27
41
84
15
81
41
97
99
35
23
18
77
11
26
1
39
31
30
26
2
24
54
14
72
30
31
73
89
90
46
17
4
16
7
78
86
56
19
30
87
46
27
66
34
25
98
69
30
14
88
35
1
79
91
13
72
28
12
85
51
67
9
9
89
6
15
62
5
48
14
82
13
1
39
56
97
88
79
47
31
61
44
76
3
11
17
24
24
93
6
59
44
33
79
20
38
18
76
28
11
37
65
81
99
6
23
1
40
36
16
83
48
65
55
89
24
33
7
79
89
91
38
11
42
55
39
79
22
20
19
79
13
51
37
94
96
62
76
96
87
16
84
88
78
22
11
79
78
89
95
6
11
97
38
19
98
54
40
44
67
44
79
21
18
36
71
96
28
60
93
62
56
10
91
74
8
50
33
20
44
59
1
32
25
13
68
16
13
18
95
42
22
33
30
44
37
64
71
42
51
15
51
19
96
33
49
1
6
64
12
49
21
20
99
8
43
47
95
5
68
56
83
10
64
51
40
23
80
48
38
43
78
91
69
30
8
82
36
91
64
67
10
49
6
47
22
3
33
22
1
89
68
67
74
94
31
41
54
45
92
26
21
57
27
68
70
30
51
70
99
61
12
4
41
1
46
35
5
17
30
38
90
59
48
49
75
12
18
75
98
66
28
90
99
38
47
53
23
37
77
91
52
62
22
39
77
64
27
73
48
96
37
37
16
55
36
61
9
78
93
58
13
75
72
34
33
21
5
3
53
93
13
67
40
38
86
29
38
9
71
12
85
44
28
2
29
90
75
45
3
85
44
44
44
19
79
76
90
88
7
57
59
24
20
54
84
70
97
77
68
7
24
1
8
81
72
68
48
70
5
42
46
60
1
68
50
68
23
22
59
11
39
49
