38
92
72
52
54
73
86
53
83
70
33
19
34
38
89
73
1
52
34
49
12
15
6
24
26
89
90
82
41
87
43
27
91
30
98
51
77
49
32
28
69
26
16
39
92
83
84
14
68
56
34
64
66
25
23
24
86
49
26
64
82
5
12
96
28
7
28
4
39
39
95
52
20
6
80
85
98
67
32
43
6
77
15
84
53
78
60
67
7
74
65
28
23
67
46
64
14
20
11
85
56
80
74
30
61
82
45
61
44
37
26
19
17
83
59
5
90
28
43
49
46
61
97
65
73
67
29
52
60
16
71
79
57
46
87
26
4
84
24
70
34
98
23
70
49
46
12
40
9
41
74
86
76
61
39
95
83
10
56
93
53
92
2
29
65
46
62
70
96
33
2
6
5
72
16
48
38
27
16
28
56
89
43
20
41
85
3
95
8
91
43
94
29
30
18
42
97
93
5
3
83
41
44
75
39
69
82
4
46
91
57
56
93
29
37
64
49
82
87
80
43
66
63
5
90
8
76
74
55
74
50
45
22
14
44
16
46
68
80
72
4
99
50
16
35
86
1
1
92
54
92
16
7
25
59
18
78
39
85
32
92
8
49
71
41
12
34
79
85
22
18
81
2
16
77
44
17
47
69
4
7
76
81
2
82
35
39
97
54
27
37
7
82
49
79
95
51
79
75
23
53
22
16
71
36
11
14
90
47
15
2
31
70
81
26
16
26
47
89
7
73
36
26
58
84
12
98
53
36
81
93
38
72
46
51
85
61
11
66
71
22
48
51
40
26
7
37
2
24
63
70
4
89
69
49
17
95
57
86
24
13
61
55
66
22
63
59
24
31
40
55
16
81
19
85
26
85
86
33
78
75
97
30
72
12
90
48
3
96
34
89
5
24
42
59
61
93
84
18
62
47
13
70
83
9
54
23
71
84
24
32
10
24
9
48
15
31
82
55
31
16
56
28
97
51
50
91
39
59
25
33
2
68
71
31
63
27
46
64
57
68
77
19
73
2
79
81
16
93
44
30
11
30
87
46
90
84
73
33
58
62
83
12
60
90
31
42
52
77
85
88
84
18
97
63
38
38
55
95
71
69
75
45
16
94
22
71
81
25
41
78
53
14
6
94
84
66
59
82
71
37
29
39
9
55
45
93
32
24
9
53
30
77
61
89
87
39
95
65
69
59
61
27
36
8
35
70
12
3
79
72
78
72
25
35
40
37
36
60
49
29
40
57
17
87
48
76
53
17
8
45
70
94
14
12
76
3
3
2
21
75
81
30
44
36
74
58
52
27
50
50
3
36
16
40
20
4
11
49
59
59
18
95
94
34
2
84
59
14
58
38
34
35
40
74
47
10
13
80
13
90
24
27
67
57
42
35
78
73
92
72
92
54
43
62
58
86
35
10
35
90
98
39
68
13
17
68
95
41
93
10
91
30
36
68
35
90
29
37
92
66
6
86
21
86
46
79
92
78
17
61
74
3
46
22
92
84
58
54
41
74
39
38
79
82
81
62
19
74
27
67
58
97
18
68
85
13
18
82
67
37
75
18
24
32
35
88
84
14
76
50
32
74
96
18
27
68
7
39
6
83
61
19
51
50
4
77
85
77
37
79
67
76
87
4
98
22
14
47
47
93
78
5
98
77
35
83
2
99
41
18
7
79
76
83
76
57
67
74
29
58
4
7
77
96
83
55
86
92
19
6
54
59
92
13
5
57
20
74
15
20
75
85
37
20
73
88
1
5
28
42
55
39
19
88
89
72
28
2
93
80
97
9
81
35
63
47
86
64
78
19
37
92
60
10
83
19
69
57
24
95
55
82
65
77
51
16
40
4
23
33
29
19
80
35
23
67
5
2
56
26
2
36
26
9
5
62
79
10
6
71
3
70
78
98
25
15
43
4
84
48
8
82
42
46
90
19
13
26
86
16
15
68
2
97
93
20
57
56
73
89
36
31
98
51
30
58
41
82
10
8
24
1
17
8
19
19
94
79
19
86
49
54
23
89
57
34
69
80
5
6
58
87
31
94
12
76
84
90
16
32
77
31
16
79
92
14
51
93
79
75
26
77
38
86
40
82
8
9
94
96
89
60
77
5
49
37
70
23
96
42
35
4
64
86
9
19
38
44
96
44
82
75
2
30
80
81
49
44
55
30
68
75
96
20
42
17
53
12
30
56
43
29
97
37
40
22
14
51
78
21
44
64
13
50
14
15
59
47
24
68
87
27
67
67
74
59
7
44
45
91
66
27
15
40
1
54
78
64
89
